262144000S,0C
55785 1
14228 1
14297 1
14234 1
14372 1
14374 1
14348 1
14528 1
14350 1
         783            1
1573 1
        1511            1
21683 1
        1400            1
        1406            1
        1398            1
2527 1
        2066            1
3386 1
        2809            1
        1394            1
4736 1
        1674            1
         733            1
6628 1
365042 1
        3955            1
4596 1
5378 1
13189 1
1721 1
978 1
12273 1
12008 1
         882            1
         882            1
         888            1
         888            1
         879            1
         886            1
         642            1
2015 1
        1644            1
5656 1
31554 1
2629 1
2470 1
3027 1
1129661 1
2957 1
3636986 1
5615 1
3404 1
         936            1
         940            1
    -3636986           -1
        2225            1
         914            1
         914            1
     5273761            1
        3008            1
        3002            1
        3106            1
3716 1
170260 1
         936            1
         879            1
10769 1
24393 1
      -24393           -1
         881            1
10765 1
      -10765           -1
12189 1
      -12189           -1
10756 1
688750 1
85863 1
3484 1
767 1
1492 1
86195 1
      -86195           -1
661618 1
86568 1
3844 1
882 1
20890 1
118541 1
9019 1
10830 1
9553 1
23153 1
1990 1
118519 1
3863 1
3435 1
4597 1
4256 1
4284 1
5654 1
5605 1
5940 1
3018 1
25706 1
1148 1
29833 1
-29833 -1
36300 1
-36300 -1
3237 1
3248 1
91961 1
17376 1
2823 1
25981 1
-32466 -3
