262144000S,0C
24644 1
        1069            1
        5739            1
3236 1
7778 1
        6859            1
30777 1
21688 1
22472 1
1779 1
1765 1
1146 1
10197 1
23555 1
23561 1
1194 1
7056 1
2901 1
        1675            1
7087 1
5070 1
1415 1
16600 1
25727 1
6311 1
6870 1
38295 1
38399 1
6398 1
6396 1
689367 1
      217910            1
       39747            1
1101 1
8683 1
8378 1
8463 1
4024 1
1265 1
51909 1
        3887            1
459364 1
3312 1
224410 1
      458004            1
      223471            1
174206 1
6144 1
7615 1
2355 1
3242 1
1940 1
265305 1
268448 1
3063 1
159062 1
184420 1
8914 1
2828 1
158437 1
1474490 1
39617 1
5498 1
4730 1
1257 1
5084 1
27094 1
3012 1
7045 1
8922 1
2715 1
585 1
239478 1
27065 1
